0
0.7699766 4.010694
3.4695933 12.805841
12.033438 9.827975
8.9646435 10.976616
14.696321 0.6884804
16.191975 15.1502695
13.048308 8.70616
11.856931 19.678019
19.8444 12.265341
5.367951 18.25836
4.8576345 17.79799
3.9868722 8.22933
12.507852 9.162539
6.1534567 9.180169
0.6935393 3.2796712
9.613173 12.242854
1.4890165 16.87188
11.074916 16.677896
1.0293337 8.469986
12.348022 13.747671
0.6904327 12.291254
4.2555532 4.3744826
14.582269 6.160106
14.093509 6.7094584
19.40775 14.333869
15.003296 2.4922862
1.900512 17.912394
6.347395 6.9606915
6.339683 10.4517765
3.0258603 6.0724835
10.049983 14.468823
18.643929 6.931887
8.330626 5.7143373
12.53867 12.565797
11.916662 16.409641
13.895273 0.5744825
9.861566 6.082246
17.531214 16.685192
8.640005 19.202902
5.399201 8.866003
4.304907 12.517731
5.457479 5.4111648
18.693085 11.785502
15.278675 1.2881176
12.958837 7.5715647
11.616087 1.0402282
2.1250935 2.816316
19.118935 13.668232
12.876859 1.0875047
1.4857426 5.167257
13.48181 13.742096
6.567723 7.77522
19.508118 6.664791
3.2816315 1.4922775
1.9196818 2.816732
12.664266 3.0599415
15.164136 5.5193253
17.9984 0.34235647
2.0291343 9.214501
19.662642 15.931153
19.327599 19.38416
19.205317 12.799196
3.8827288 11.377945
14.115163 6.9574475
1.8187939 19.089907
19.859274 7.323074
15.8238 18.740988
8.98138 1.385842
4.8353596 0.46572527
8.4012165 6.7637343
18.511202 0.9679219
5.5283647 13.367642
4.880929 4.2014666
1.4016631 8.648883
13.73578 3.84889
14.787858 9.28221
10.598329 1.3116409
5.020909 16.64088
16.524187 5.9924836
3.3359416 10.549251
17.52294 10.841811
2.549559 16.052282
4.0457 15.45609
13.160838 1.3202527
5.7718477 1.4580439
10.295008 11.310839
19.837614 10.454603
10.384474 11.439708
11.684413 13.560041
9.079486 8.264583
16.864887 13.288135
2.6034236 10.066724
9.429877 3.5585814
3.615313 9.217628
7.929619 11.629335
9.614867 10.347668
3.5976405 16.957888
7.0229645 13.587313
16.946028 6.310972
17.293179 10.530457
18.785824 1.8835548
12.75759 2.0732996
9.5965185 9.754365
9.382783 1.9111291
17.203753 19.696665
1.209605 7.2292633
6.8844757 4.179321
16.972881 19.003307
0.30398345 14.334691
13.244973 18.327795
10.099424 13.736189
10.4197035 12.321195
15.459485 7.0198584
7.9508224 13.4091425
10.710157 9.700655
3.4818845 9.166718
13.701625 7.9755373
6.8519945 16.404413
3.7014701 12.871911
4.4346075 12.811446
9.534561 1.7913334
11.864179 2.2238653
7.8701253 2.3148174
13.928124 15.463911
18.841682 8.07748
9.249235 17.70091
1.595668 4.586677
14.356292 5.412952
15.899711 4.049163
16.838345 11.28246
7.6017227 2.5892642
0.5007372 13.73771
15.5160885 0.68139595
16.788607 9.356225
5.2233915 8.186718
6.2162933 10.974898
11.305302 9.075089
1.1386981 2.1056104
13.69638 7.7299247
6.9233055 9.133977
6.1197166 18.674915
2.4292502 6.782823
14.9834795 14.628032
2.6724575 9.450842
15.650608 13.979607
6.6535287 1.2908128
9.65403 8.107692
11.547731 1.2706809
11.21496 1.38532
10.80407 5.9646783
4.3319726 2.300686
8.17312 2.4505892
12.743695 2.8026679
12.28089 16.443163
14.228154 14.800536
7.0887346 16.672594
7.986934 17.688068
2.426885 15.520864
9.272464 8.82874
15.761915 8.057703
18.951933 0.13002017
1.456059 16.871769
17.361456 8.151247
6.998975 18.471603
1.589297 2.6309361
17.040201 18.534779
3.2370822 8.885802
5.523212 17.912632
9.74313 3.2251594
13.819627 9.051785
6.512144 17.340794
8.484796 3.3726556
19.380703 17.573786
6.1036243 14.148997
7.3581023 8.026202
4.6681733 6.5614657
14.117304 2.6769161
11.026217 16.852074
13.370863 0.9773151
2.1626003 15.885329
18.051876 3.8439672
4.422882 8.925743
6.13017 2.5317936
19.26144 3.0703144
6.9290633 1.5626627
6.693827 16.528492
10.968226 18.700739
18.355846 9.821017
13.643311 19.907333
10.919479 7.9729834
18.463163 15.274384
7.5884438 14.905313
9.10062 3.1271448
10.493789 16.482801
11.1729965 3.8030152
0.032666404 7.055754
4.453599 12.054888
8.5409775 15.836161
14.125674 17.59378
5.163334 14.078252
