0
1.3670648 13.610069
18.712019 13.173005
12.746149 13.781122
2.7785525 4.335636
10.036777 5.777146
8.58119 8.472162
11.918919 8.314073
7.966295 0.98927796
8.596801 5.95377
11.847798 15.455422
15.354111 2.4893155
0.7023877 2.0163138
8.692315 18.300232
15.04678 18.080318
1.5932113 13.809676
7.565174 16.735699
14.232016 8.616901
9.902637 19.865673
4.3774405 6.4448094
16.612814 7.5561604
17.750357 9.733727
16.346039 3.144923
2.772817 14.529026
6.0865364 4.139813
6.4243445 16.251545
8.095124 3.2376604
8.332578 10.006236
11.186399 0.80428624
18.760489 15.275815
18.067133 10.43002
2.812574 14.16264
18.685186 2.5540123
17.96755 4.7834177
5.885968 17.65452
4.9552712 16.98778
4.1460605 10.131286
13.030701 16.263126
14.751349 16.759993
9.857979 13.504599
11.509605 19.477722
3.5027263 3.2703958
9.935149 11.262228
9.440932 11.209105
19.815874 15.996744
9.027895 2.5370698
16.170559 18.465963
7.530854 7.7602863
6.8270726 9.00772
9.614118 19.276657
16.1997 18.84882
8.075619 3.0609024
4.316508 16.782368
7.6690235 13.325786
17.745306 15.597841
0.005644477 14.869752
4.7894125 17.554077
7.8155766 7.7624545
1.1721069 12.1892395
7.2576404 12.086076
4.401287 6.890737
15.502855 6.641734
5.1035275 0.9019764
17.476332 4.846698
11.839369 6.821729
0.42763317 13.489508
12.259341 0.15581389
7.909791 15.576534
17.93287 17.109688
15.78236 7.194902
2.7798905 3.5644464
12.013988 0.13309862
5.757597 4.0576625
9.345199 16.942026
7.302509 8.594351
15.282205 13.185625
6.000569 7.242312
7.4277196 2.8216338
17.05576 17.71997
13.814928 16.969435
7.350291 9.563737
17.695889 13.763354
13.23713 9.965863
14.145836 17.556181
16.67827 1.0025977
1.879971 19.429092
2.9397893 5.726441
17.839521 17.780563
8.777427 11.475127
14.388975 17.708242
13.894047 12.753917
19.376568 0.96419907
10.423007 13.176673
7.845265 4.4553385
5.289136 6.2050915
10.841601 4.5772
8.521638 17.804386
11.554959 17.110743
16.940943 0.63760567
11.929945 7.9781456
17.114136 19.04969
13.929753 8.845043
4.071302 16.846277
8.788509 3.373038
2.9977088 15.751144
4.875774 14.867727
9.964502 11.430149
10.206526 4.1338778
14.733152 16.098335
19.165106 17.540815
13.766601 1.9808846
14.671766 9.617486
4.8026996 8.27742
6.8056073 1.9380339
15.693191 5.783114
6.807864 10.625196
19.684118 7.948947
1.4246422 18.49017
6.911246 14.917376
6.708364 4.6440344
17.606693 17.948566
2.6823535 14.357241
16.360651 15.656268
0.6831219 15.010026
18.754726 0.60128266
13.7301 0.1680936
11.78107 5.0444407
6.932688 13.13424
17.684164 8.039839
19.729689 3.768056
17.20974 2.5530484
14.666294 7.932212
12.717986 0.91789263
18.449018 7.6152716
14.215863 19.69929
0.17905906 11.597345
12.08598 10.908583
18.94977 11.466343
19.137173 15.521664
8.404066 15.858952
1.5745289 7.379125
9.382753 6.9919076
13.584338 10.80156
13.4549 17.865515
3.4520226 13.632057
19.90656 15.962765
10.478807 18.921816
16.6743 19.833843
1.4355444 3.1037576
11.745115 8.64719
2.8897257 16.252855
5.704533 11.604699
11.46443 10.9108715
8.399782 4.060052
7.935549 19.95705
3.0951324 10.245563
3.0463407 1.1352518
10.031629 18.704367
3.0159838 6.1019053
17.963598 15.841126
0.9414745 15.238058
17.029488 15.4459
16.639872 5.9727254
19.224716 7.6121683
1.9505296 11.993631
13.779425 9.161461
1.1146436 3.475351
13.904097 9.503414
6.572059 14.333761
8.65126 10.801492
19.362978 1.519619
19.051569 19.381023
10.294833 3.4929895
11.217749 16.5076
3.1322734 10.274158
0.7700581 0.98031044
4.2908363 5.845555
12.722046 13.42564
4.862575 15.183144
18.875557 2.7443492
0.27452284 2.8246171
0.8091029 18.854977
10.478569 7.63565
0.70383805 12.694057
19.293959 19.314384
4.5365925 14.374558
5.371278 6.178201
12.579504 3.470406
9.219474 10.905759
10.681005 1.5864241
10.835072 1.1611737
2.4630337 6.6893787
0.69544697 15.406137
17.354534 11.117258
13.2256365 0.7096528
12.291418 0.7502886
16.320852 18.993992
15.948378 1.5186347
13.104506 0.9093812
3.5280302 1.2380983
12.824192 12.4088335
17.418085 9.706568
6.6357913 8.098419
4.4373503 8.060356
0.9984289 17.567228
3.9265616 19.580986
16.500746 6.1551423
12.600167 8.459374
13.1615715 9.99544
11.860372 0.46577847
14.595752 6.673204
11.184879 0.040283423
12.9085045 7.4693556
17.234953 12.010002
3.7794085 4.914082
2.490535 2.9555686
6.9197044 0.2523179
19.504375 17.190916
10.934296 9.427843
7.277214 15.386739
3.5924764 3.321476
4.791265 10.059433
8.60907 18.23274
3.3993938 11.463731
8.260314 15.973288
14.552514 9.868634
7.5065026 19.444277
2.2579231 5.7626843
9.766022 19.1988
10.696418 18.225965
7.0830994 19.244358
6.586214 13.522716
18.15423 6.2193213
13.166838 0.9097378
16.525904 5.0811496
18.086298 0.72230285
18.248907 6.573138
11.010047 0.99055815
3.3721347 16.990288
8.430349 3.1559224
8.881514 9.143859
12.939855 14.898324
12.037263 4.928034
12.143327 18.65155
2.535419 14.521048
8.416648 8.075392
19.517166 15.007033
4.8823285 1.5696584
5.1721964 12.083754
15.255983 11.856557
0.5299761 12.525277
15.628309 13.724332
1.0054307 2.197571
14.782332 8.216462
19.363253 14.678906
6.3057756 10.867128
11.98766 8.915838
0.5436269 14.0250635
10.692103 10.849477
17.34608 8.874305
6.776081 13.575626
11.602219 1.4517794
16.63387 13.356315
2.7099514 18.778048
18.94263 4.6791153
6.4178734 16.158947
12.305021 6.5645795
2.8848693 4.782304
19.194086 4.4510064
18.338444 19.925207
17.145864 7.239673
9.372926 4.4038815
11.367798 17.462576
18.713821 9.339446
14.2787 14.038604
19.184784 14.879393
6.968675 11.713012
18.648804 7.2059193
5.165055 9.028941
2.8553693 14.978714
18.013067 7.5586433
5.4105244 8.301188
11.827608 19.125986
14.496913 16.365545
12.945146 14.880705
14.506013 6.123478
3.9024417 10.338779
17.404972 3.64573
5.3914275 3.8822398
3.4455783 12.2751
12.787238 12.715563
3.73306 7.2439375
10.519053 19.904789
18.20759 5.118549
0.1510504 18.879343
11.751492 18.249334
8.763453 17.655478
8.42031 9.346917
13.071266 4.044158
9.2060995 19.370886
1.6910176 15.235116
12.276379 13.109229
3.063398 0.40268564
16.292414 11.142892
9.762417 13.357975
17.195608 14.331339
11.2693205 3.7758138
6.7609563 17.521393
6.7621593 10.153811
7.2516756 12.873009
7.06958 15.4148
10.669255 0.012084095
10.660051 6.9428067
13.37837 10.161792
12.385396 6.846638
7.2962165 14.470324
15.670158 5.3740325
7.3709993 2.94435
8.935992 0.6532756
1.7344772 9.713908
15.272907 1.3180599
5.6985846 2.7958267
10.716873 5.0752773
3.6763544 12.089208
10.965939 5.904349
14.142478 18.027899
8.964667 5.3305907
11.909031 5.1312876
6.5093565 9.094035
9.27702 19.63614
1.8741752 19.539015
13.034591 18.458668
12.430977 6.1787457
17.80786 17.927317
6.3332386 12.143018
7.9305286 5.043307
10.557216 12.59606
19.783562 1.4672244
13.941049 2.715498
4.4663734 10.99647
13.3352375 17.452253
6.6961465 14.989736
18.575539 13.045159
19.992031 7.0110826
17.711988 11.142932
10.486152 17.907625
7.775462 0.39007765
2.1134865 15.601204
18.335737 7.4622035
4.4678693 10.065847
15.202806 9.790115
1.271477 13.279249
9.845746 5.5909867
2.1903722 16.377853
16.451138 3.3287938
13.638779 11.811578
13.0157175 2.3551083
5.249961 6.9856057
15.465534 9.235262
17.851715 7.693073
4.51661 10.143789
16.069641 14.583891
13.839704 18.716967
14.09152 13.981349
15.064468 0.8791656
16.66128 15.549562
0.25593176 3.413668
19.031181 13.631193
5.718891 1.4274524
19.386038 6.5163465
2.3334725 11.36342
15.163386 18.469881
17.097754 10.842389
0.72874016 13.035825
8.151014 4.371128
18.025192 2.9539852
11.273824 14.831578
14.101757 11.965223
9.708843 4.6703343
9.83506 6.8483076
11.118874 17.83636
2.694082 14.222638
5.596323 3.7688258
13.057858 5.967549
6.860943 18.115828
18.381178 19.55031
5.1303315 11.368717
2.4134693 15.121348
4.620348 16.225616
17.71125 19.926594
1.2302613 7.251617
18.844633 12.403324
16.690083 12.282107
10.983566 13.267211
4.2952223 4.019503
13.959638 18.964725
18.32623 12.402642
5.434418 14.056462
14.349065 13.581944
18.465485 13.41333
0.81399566 9.712394
