0
5.7254305 16.976942
16.381367 11.787207
12.58087 6.863981
12.384123 3.558651
16.838377 8.605055
13.311895 17.15553
5.5791106 7.1914763
11.377545 15.557832
12.062455 13.790548
4.9669676 3.4745147
8.7939 0.40285242
19.043068 12.6859665
3.8999019 7.6215787
2.5252388 7.089147
5.202431 12.03994
7.7889795 17.946543
17.42105 18.544085
10.027984 12.593922
7.09054 14.545339
14.943652 15.740799
7.0672526 8.147036
12.074654 1.5014517
17.907501 10.307552
18.051813 16.423172
16.936472 12.252622
19.16126 19.032421
7.4863124 13.706378
5.82144 9.798405
10.567156 14.951987
12.927206 16.917501
19.145075 16.299154
19.486933 17.950928
1.236029 12.227154
18.576185 15.101849
12.185104 4.2885065
4.354157 2.797137
18.785433 6.799748
16.736782 10.24282
8.301399 2.4122202
16.293 8.751201
13.995828 0.84716517
12.0283985 3.8915308
15.4210825 3.3958433
12.943065 5.895017
6.519079 18.22678
0.5981189 8.248864
7.485448 7.108669
4.398124 4.0429416
7.3881726 12.848849
3.894148 12.38658
3.69124 18.563707
3.1349554 13.091924
12.118959 4.8387156
0.94145733 16.82413
15.706779 18.90228
17.952187 10.047663
5.4195743 11.12894
16.38524 9.351806
16.378567 8.503857
1.6847769 18.117413
3.5231388 2.122
6.5678205 19.990868
8.444009 6.361756
7.4597616 8.260072
5.1593866 1.0641626
10.904636 17.981243
16.76584 14.865351
13.258876 18.58416
7.1808267 7.771165
0.82491577 18.687443
12.60393 4.129386
19.553688 11.984328
5.8590717 13.346327
3.5426738 13.313323
3.4400468 15.011041
9.7788725 17.407024
9.866959 17.531723
2.9236646 19.3163
6.8712344 4.95536
8.409242 5.135918
15.962086 5.333029
4.7138977 14.4116535
12.087421 5.8096843
16.406157 11.487745
3.3873904 4.558686
18.395355 2.0575585
17.448872 7.7476907
8.798956 13.309161
8.004392 10.913984
12.934533 1.3114309
17.679123 8.443686
4.1670117 17.665257
2.174727 12.290713
8.689422 18.948252
19.18903 11.637763
0.78805065 17.110342
11.405599 8.892988
12.740573 6.7314773
7.0475235 4.2324567
19.218359 5.9316325
3.7747712 10.839882
9.911846 11.727159
12.114743 6.061514
16.070492 17.756464
13.150723 19.885498
6.7464943 12.551901
11.853129 11.47141
18.754128 9.91365
2.2236004 6.897082
10.7041855 19.445286
3.3321276 6.8562336
15.945676 4.939627
16.362577 1.731839
11.844602 1.0573817
11.942123 13.286569
3.5522633 4.619986
4.3152637 17.153034
19.263231 5.841966
4.3332276 8.372992
10.935743 16.957039
6.764779 13.426043
9.544989 10.946086
19.094538 6.5048113
17.162334 1.4540322
18.76011 15.2349415
9.501278 16.48658
13.689507 1.6046879
12.043509 3.1066368
17.035397 17.560297
0.4561311 8.104197
11.16304 1.5397319
1.7337875 10.492337
8.233741 2.1587515
16.347036 15.685906
15.135946 8.329733
3.6510212 18.348349
19.051203 11.285038
12.906104 1.1460779
6.6023617 3.2931294
0.48482278 0.028676333
14.316574 10.29706
10.187157 13.157093
1.0457847 1.2713453
8.058751 0.23096666
14.022569 15.784649
15.704419 11.720063
9.389336 3.072124
16.811884 3.3837404
5.3240595 10.862628
0.44838053 10.466258
11.295869 0.27248025
11.665398 18.084661
10.518974 14.268803
5.0444946 9.579863
14.333567 11.521895
0.0397835 2.980456
17.027493 14.907523
18.320322 17.232712
17.522636 14.486382
2.7883236 4.4791026
0.38514453 8.47941
15.546742 2.4216006
2.7787275 2.5740454
7.8124495 1.6849277
16.265469 17.8379
8.618871 7.09881
2.7687206 0.5827599
11.124616 18.94722
2.5478156 3.713212
5.4422865 10.486477
18.694473 18.410591
15.124299 11.413003
17.445961 17.444384
0.7902199 3.4654193
6.5201874 6.96959
18.85277 13.974579
4.7131195 12.35998
5.897302 15.929053
15.158992 5.4435763
19.992233 9.002469
1.9390147 15.448104
9.055519 4.993022
5.1343865 14.030542
13.374996 13.254388
12.954599 5.956353
4.4779825 16.951162
1.2321653 11.310308
15.768257 9.350863
10.360078 12.562325
11.696153 0.86843777
17.658434 0.37803313
11.700161 12.208129
19.191843 5.7552967
12.756129 16.70145
19.21937 12.88423
0.0927357 5.818924
17.743948 7.069729
19.479643 5.8371735
7.0383205 5.121899
6.4673414 10.771811
16.559752 1.8111826
8.055368 16.940525
2.3258924 5.3013997
10.488255 7.899651
1.6093484 6.915307
3.2261815 5.001395
6.7186394 16.153702
3.6100097 8.447849
12.668422 10.580499
19.337992 6.471761
2.7019749 2.0026135
16.594126 6.153002
12.914128 5.3148775
10.515776 18.383528
2.6329467 14.446652
1.6608453 11.622572
10.753661 1.0381823
7.2324224 14.337691
19.878483 15.791139
19.041504 14.406208
19.901089 9.879234
1.536035 15.255477
0.5847417 4.371168
2.6971667 3.1493483
8.718126 19.309576
8.2013035 17.782057
19.593199 10.90608
4.9691386 19.219717
14.834433 15.253917
14.070568 8.233482
9.019072 0.026041793
4.9269943 4.197346
6.0630846 1.8180141
12.850216 14.97746
13.007742 16.111372
10.179741 6.618758
13.626838 9.274606
7.6280146 17.138584
7.184765 17.585249
6.915733 18.365908
8.710801 6.9480276
8.377023 12.518657
6.3151145 8.800388
17.936983 16.09054
18.357159 2.63814
16.711697 12.622727
8.687285 3.6603706
13.45348 8.064561
1.7175524 15.224179
15.161826 17.681463
10.737866 0.11618299
4.4031262 11.847064
12.678755 12.0891695
3.2299006 9.560485
10.432219 9.678651
13.062963 13.158638
19.877264 8.005519
7.497567 5.447293
2.9168904 11.087356
0.7172551 1.3535651
0.118435204 7.122418
18.046774 0.20640314
16.959372 2.276669
17.148098 1.8805457
6.215775 14.69567
8.461237 10.293321
5.690843 9.779539
1.7141601 11.122582
15.266037 10.200583
1.6738592 17.11798
10.167511 19.70964
10.7831745 4.0066314
8.37572 18.468536
8.925716 12.748263
19.266188 19.462515
11.283832 9.773653
17.854624 0.48785752
14.102245 15.8442545
14.429713 4.2763457
5.1426635 16.299696
2.89205 10.509633
0.7122472 10.713797
12.777862 7.7929544
14.37158 8.3586235
19.731314 11.09907
3.775347 7.380045
7.0993495 0.7596849
1.571652 10.21712
17.358162 2.7730455
13.883517 5.551587
6.2405725 7.012776
5.6187863 7.952598
14.718729 9.864459
5.702306 10.385786
4.406694 10.882849
17.296907 11.884623
0.48266703 9.254016
8.177379 12.935956
12.890716 15.163143
4.644272 4.510502
