0
4.635059 17.661057
12.1702795 15.07396
8.290188 0.5094634
15.101706 5.057904
7.437318 13.75748
17.486534 14.0031
10.898422 13.777188
12.776285 11.785634
5.2707996 16.889484
12.667798 10.132131
7.8713984 4.7391796
10.47507 17.34274
2.227619 16.044842
13.235641 10.540297
0.8588702 8.183496
3.672718 13.485848
2.3782833 2.0116549
6.9819202 12.0045805
0.3541642 6.3905644
9.3841715 6.195138
19.90592 15.074996
5.4839253 8.849225
4.6693387 17.94126
19.694563 12.887247
11.551279 10.971583
13.340463 7.1197133
13.603952 4.9783525
13.517889 19.27298
2.38417 1.7431543
2.3945186 7.971845
0.32305938 8.061954
6.350063 11.250411
0.9169215 13.129135
3.2081134 8.166522
9.960054 2.759572
2.7819827 2.224008
4.5755205 5.139249
11.054984 10.560866
18.460003 17.111423
1.5382295 1.240407
1.5440345 7.446673
8.696708 2.4863138
10.179067 14.111601
7.807029 12.331468
19.997955 6.2423863
13.207907 4.9042826
17.755669 8.345747
12.627093 0.45522183
0.7420816 4.1913195
19.116137 0.23006006
12.768997 10.925839
4.0969796 4.425356
14.268561 0.13093351
15.12211 11.715532
0.70050645 1.8627234
0.172575 2.2198346
8.250741 0.1528607
16.665867 12.281367
18.714 14.017013
17.818348 19.059305
16.488409 16.708223
1.6045005 5.6892905
19.769962 17.768986
18.277983 13.645906
5.3201056 17.377262
1.2671044 7.945077
11.58973 0.54810005
13.230018 2.9530878
18.518072 9.9438925
4.1525245 1.8228734
3.985145 0.36274645
1.5941312 10.9571
6.6815104 15.415818
14.535565 2.40149
3.06932 17.470882
11.7536745 11.700741
12.143755 5.6308312
13.247266 16.503277
15.864117 13.332152
8.960095 2.0800188
5.408979 7.089915
12.894879 3.9262147
13.819994 10.982125
12.684872 4.744327
14.134069 17.657776
4.787163 13.35984
8.763818 15.969282
13.684577 6.5007796
10.671301 7.7714353
19.830626 10.87564
19.790295 1.9953715
5.5447087 2.6133132
9.187411 2.7975073
10.662343 3.8825269
14.612609 10.3997555
10.467901 2.3871996
8.374733 8.178773
7.284974 8.438034
13.88794 17.628378
4.0721445 16.429573
