1
2,146,84,25
3,98
4,71,42,128
5,40,59
6,194,30
7,291
8
9,115
10,232
11,231
12,195
13,286
14,109
15,177
16,226,239
17
18,189,142
19,218
20,229
21,69,64
22,114,190
23,56
24,244
25,2,246,296
26,275
27,218
28,294,267
29,153
30,194,6
31
32
33,216
34,125
35,53,71,42
36
37,210,123
38
39,133
40,5,58,59
41
42,35,4,71
43
44,213,185
45,240
46,161,130
47,69
48,232,300
49,106
50,252
51,136
52,74
53,35
54,96
55
56,23
57,149,170
58,40,188
59,5,40
60
61
62
63,241
64,21,69
65
66,214
67,157
68
69,21,47,64
70
71,35,4,42
72,95
73
74,52
75
76,77
77,76
78
79,99,199
80,182
81,112
82,183
83,103
84,146,2
85,116,206,160
86,245
87,197,91
88,274,298
89
90,138
91,87
92,117
93
94,273,225
95,72,137
96,54
97
98,3
99,79
100,193,210,118,198,123
101,295
102
103,83
104,165
105
106,49
107
108
109,205,14
110,168,271
111,286
112,81
113,201
114,22,190
115,9
116,85,206
117,186,92
118,193,210,100,198,123
119,208
120
121
122
123,210,100,37,118
124,264,201
125,34
126
127
128,4
129,173
130,161,46
131,217
132,268,288
133,164,39
134
135
136,51
137,227,285,95
138,90
139
140
141,293
142,18,189
143,260
144
145,278
146,2,84,172
147
148
149,294,57,170
150,282
151,251,190
152
153,29
154,267
155
156
157,67,159
158
159,157
160,85,206
161,130,46
162
163,211,224
164,133
165,104
166,241
167
168,110
169,224
170,149,294,57,267
171
172,146
173,129
174
175,291
176,220
177,252,15
178
179
180
181,249,222
182,80
183,82
184,256
185,213,44
186,117
187,216,268
188,58
189,18,142
190,114,22,151
191,277,262
192
193,210,100,118,198
194,6,235,30
195,12
196
197,87
198,193,210,100,118
199,258,79
200
201,113,263,264,124
202,238
203
204
205,109
206,116,85,160
207
208,119
209
210,193,100,37,118,198,123
211,163
212
213,185,44
214,66
215
216,33,187,268
217,131
218,19,27
219
220,176
221
222,181,249
223
224,163,169
225,94
226,273,16
227,137,285
228
229,20
230,248,284
231,11
232,10,300,48
233
234,299
235,194
236
237
238,202,239
239,238,16
240,45
241,166,63
242,274,298
243
244,24
245,86
246,25
247
248,230,283
249,181,222
250
251,151
252,177,50
253
254
255
256,184
257
258,199
259,281
260,143
261
262,277,191
263,289,264,201
264,263,201,124
265
266
267,294,154,170,28
268,132,216,187
269,293
270
271,110
272
273,226,94
274,242,88
275,26
276
277,262,191
278,145
279
280
281,259
282,150
283,248
284,230
285,227,137
286,13,111
287
288,132
289,263
290
291,7,175
292
293,141,269
294,149,170,267,28
295,101
296,25
297
298,242,88
299,234
300,232,48
