1,351,15
2,342,367,399
3,177
4,267
5,352
6,245,240
7,99,149,207,256
8,346
9,326
10
11
12,252
13,296,222,96
14,371
15,1,351
16
17,165,101,253
18,49,228,292,329
19,60,176
20,270
21,201
22,354
23,387,244,279,121,381,31
24,72,382,288
25,265
26,51,103,239
27,297
28,237,190
29,275,138
30
31,244,23,121,381
32,179
33,293,63
34
35,52,56
36,360,349,221,286
37
38,283,108
39,92,304
40,282
41,220
42,106,43
43,88,42,106,188
44,145
45
46,50,196
47,57
48,328,74
49,18,228,329,299,157
50,196,46
51,26,77,317,239
52,35,388,102
53,309
54,161,159
55,123
56,35
57,245,47
58,183,250
59,276
60,19
61,69
62,247
63,33
64,266,314
65,257,373
66,209,195,71
67,219,139,224
68,87
69,61
70,215
71,209,66,195
72,24,382,288
73
74,48
75,251
76
77,51,317
78,120
79,83,340
80
81
82,313,208
83,325,89,79
84,98
85,330
86,227,158
87,68,120,333
88,169,43,188
89,83,325
90
91,337,170,124
92,39,393,304,336
93,374,153,335
94,186
95,322
96,296,13,222
97,173,272
98,84
99,149,7
100
101,17,165,167
102,52,238
103,26,239
104,150
105,178,185
106,42,43
107,378,172
108,38,283
109,217
110
111,225,350
112,281,203
113
114,316
115,308,255
116,163
117,181
118,341,310,168,219,315
119
120,87,333,78
121,244,23,279,381,31
122,161,365
123,55,192,160
124,235,91
125,194
126,242,327
127,260,309,231
128,359,280
129
130
131,253
132,194,195,198,233
133,277,359,280,348
134
135
136,152
137
138,275,246,29
139,67,224
140,390
141,379
142,313
143,340,325,331
144
145,44
146,229,157
147
148,166
149,99,7,256
150,353,104
151,386,248
152,136
153,374,93
154,226
155,174
156,199,302
157,49,146,228
158,86
159,54
160,123,300,192
161,54,122,365
162,206
163,116,277
164,370
165,17,101,167
166,148
167,225,165,101
168,341,118,315
169,88,188
170,337,91
171,385,184
172,107
173,97
174,155
175
176,19
177,290,3,301
178,105
179,32
180,366
181,117,294
182,312
183,373,250,58
184,171
185,105
186,94
187
188,88,169,43
189,237,190
190,28,189,237
191
192,123,160
193,372,344
194,132,198,233,125
195,209,66,132,71
196,50,46
197,320
198,194,132,233
199,156
200,290
201,21
202
203,112
204
205
206,162
207,7
208,82,313
209,66,195,71
210,285
211,311
212
213,392
214
215,70
216
217,109
218
219,67,341,118,310
220,41
221,36,360,349
222,296,13,96
223,323
224,67,139
225,167,350,111
226,230,154
227,86
228,49,18,329,299,157
229,146,345,380
230,226
231,260,127
232,236
233,194,132,198
234
235,124
236,277,232
237,28,189,190
238,102
239,51,103,26
240,6,297
241,284
242,327,126
243,295,282
244,387,23,279,121,381,31
245,6,57
246,275,138,254
247,62
248,386,151
249
250,373,183,58
251,75
252,12
253,17,131
254,275,246
255,115
256,149,7
257,65
258
259
260,231,127
261
262
263
264,268
265,25
266,314,332,64
267,4
268,264
269,385,389
270,20
271,378
272,97,380
273
274,363,398
275,246,138,29,254
276,59
277,163,133,280,236,348
278
279,387,244,23,121
280,133,277,359,348,128
281,112
282,243,40
283,38,108
284,241
285,210
286,36,360,349
287
288,24,72,382
289,323
290,177,200,301
291
292,18
293,33
294,181
295,243
296,13,222,96
297,27,240
298
299,49,228,329
300,387,347,160
301,177,290
302,156
303
304,39,92
305
306
307,384
308,115
309,53,127
310,341,118,219
311,211
312,182
313,82,142,208
314,266,332,64
315,118,168
316,114
317,51,77
318
319
320,197,364
321
322,95
323,289,223
324
325,83,89,143
326,9
327,242,126
328,48
329,49,18,228,299
330,85
331,143
332,266,314,383
333,87,120
334
335,374,93
336,92
337,170,91
338
339
340,79,143
341,118,310,168,219
342,2,391,396,367,399
343
344,193,372
345,229,380
346,8
347,387,300
348,133,277,359,280
349,36,360,221,286
350,225,358,111
351,1,373,15
352,5
353,150
354,22
355,377
356
357
358,350
359,133,280,348,128
360,36,349,221,286
361
362,395
363,274,398
364,320
365,161,122
366,180
367,2,342,399
368
369
370,164
371,14
372,193,344
373,65,183,250,351
374,153,93,335
375
376
377,355
378,107,271
379,141
380,229,345,272
381,244,23,121,31
382,24,72,288
383,332
384,307
385,171,269
386,151,248
387,244,23,279,347,300
388,52
389,269
390,140
391,342,396
392,213
393,92
394
395,362
396,342,391
397
398,274,363
399,2,342,367
400
