1,15
2,119
3
4
5
6
7,13
8
9
10,168,11
11,168,10
12
13,7
14
15,1
16
17,162
18,194,178
19,74
20,89
21
22,73
23,24
24,23,64
25,48
26
27
28
29,136
30
31,111
32
33
34
35,154
36,179
37
38
39
40,135
41,197,119,120
42
43
44,133
45
46,148,149
47,165,55
48,25
49,179,84
50,127
51
52
53,66
54
55,165,47
56,153
57
58
59,144
60
61
62
63
64,24
65
66,53
67
68,104,121
69
70
71
72
73,22
74,19
75
76
77,149
78
79,99
80
81,100
82,180,158
83
84,49,179
85
86,88
87
88,86
89,20
90,147,159
91
92,144
93,193,169
94,116,167
95
96,103
97
98
99,79
100,81
101
102,153
103,96
104,68,121
105,108
106
107
108,166,105
109,132
110
111,31
112
113
114
115
116,167,94
117,139
118,186,156
119,2,120,41
120,119,41
121,68,104
122
123,131,152
124,155
125
126
127,50
128
129
130
131,152,123
132,109
133,44
134
135,40
136,29
137
138,165
139,117
140
141
142
143
144,59,92
145
146,185
147,90
148,149,46
149,148,77,46
150
151
152,131,123
153,102,56
154,35
155,124
156,118,186
157
158,82,180
159,90
160
161
162,17
163
164
165,55,138,47
166,108
167,116,94
168,10,11
169,193,93
170
171
172,193
173
174
175
176
177
178,194,18
179,49,84,36
180,82,158
181
182
183
184
185,146
186,118,156
187
188
189
190
191
192
193,169,172,93
194,18,178
195
196
197,41
198
199
200
